0.915878
0.895981
0.883423
0.896729
0.882935
0.87262
0.916489
0.963593
0.916443
0.935745
0.938126
0.930054
0.943024
0.906982
0.859879
0.84491
0.884781
0.889267
0.852341
0.873856
0.841507
0.823517
0.916183
0.929611
0.886856
0.852936
0.850342
0.804916
0.698151
0.808975
0.882843
0.92514
0.889252
0.925247
0.672821
0.606201
0.808746
0.75766
0.847107
0.869797
0.836334
0.838043
0.704193
0.609634
0.851913
0.789017
0.6595
0.80098
0.891968
0.758942
0.732407
0.830887
0.834442
0.907654
0.831345
0.7845
0.815186
0.69516
0.571793
0.612122
0.927963
0.897079
0.838348
0.757736
0.714249
0.762268
0.79808
0.791977
0.812729
0.775833
0.793213
0.707413
0.836777
0.887604
0.816391
0.873795
0.821579
0.770676
0.740555
0.824295
0.689743
0.862442
0.923859
0.786041
0.915558
0.957108
0.894638
0.724548
0.682846
0.821426
0.776917
0.81311
0.79335
0.728851
0.786407
0.842056
0.899445
0.956573
0.9673
0.862137
0.757645
0.611954
0.670517
0.714737
0.89624
0.903839
0.83252
0.894684
0.897064
0.912903
0.824081
0.751877
0.86084
0.870728
0.747101
0.826202
0.887909
0.907257
0.863358
0.817642
0.76236
0.853577
0.7966
0.931046
0.428131
0.303421
0.938248
0.809204
0.787964
0.845413
0.793533
0.906845
0.639374
0.801804
0.825226
0.782425
0.929581
0.864883
0.948471
0.939072
0.924835
0.830856
0.798126
0.782791
0.860947
0.737656
0.763489
0.903336
0.810822
0.834976
0.769882
0.859375
0.930847
0.540817
0.637665
0.856064
0.936295
0.885574
0.74646
0.763718
0.840073
0.772949
0.698456
0.842636
0.84082
0.856415
0.898407
0.915115
0.942642
0.971924
0.919098
0.832153
0.866623
0.810593
0.705353
0.74794
0.89415
0.844269
0.835815
0.82756
0.905731
0.895599
0.935822
0.884155
0.754135
0.826004
0.881638
0.87207
0.944763
0.862579
0.609543
0.61319
0.847198
0.859009
0.89209
0.806229
0.794678
0.827362
0.592712
0.812912
0.892975
0.898956
0.851959
0.673492
0.820602
0.917694
0.435547
0.11174
0.783798
0.777557
0.873276
0.898239
0.805222
0.881409
0.789474
0.817444
0.875793
0.862549
0.730698
0.48732
0.15181
0.256592
0.913467
0.880142
0.830612
0.858994
0.893784
0.852203
0.824707
0.929398
0.877136
0.558563
0.464081
0.491608
0.480194
0.833115
0.901657
0.836716
0.786621
0.862076
0.891052
0.906387
0.90274
0.883484
0.532959
0.290344
0.310776
0.317352
0.843811
0.892212
0.83046
0.741043
0.659042
0.777664
0.888687
0.904221
0.886078
0.836151
0.674667
0.676605
0.672546
0.743912
0.772095
0.890091
0.77066
0.767334
0.669998
0.836258
0.87059
0.847397
0.886139
0.901642
0.840515
0.85643
0.805435
0.75267
0.863678
0.936005
0.92334
0.871399
0.784119
0.755234
0.841644
0.860901
0.915298
0.81044
0.803574
0.786926
0.817825
0.890305
0.909134
0.864563
0.764099
0.742233
0.796051
0.812592
0.789093
0.882111
0.861374
0.808624
0.787552
0.90535
0.918777
0.856964
0.786499
0.751312
0.682892
0.743607
0.744263
0.868225
0.883957
0.889618
0.791229
0.772354
0.912338
0.94902
0.916656
0.808426
0.728851
0.643936
0.66803
0.760834
0.877518
0.840057
0.839371
0.91452
0.914688
0.902832
0.934189
0.89122
0.864548
0.735123
0.706238
0.816879
0.880753
0.793045
0.815872
0.862457
0.796188
0.840744
0.91217
0.892548
0.873245
0.907471
0.725616
0.851974
0.755341
0.743423
0.870697
0.853592
0.857834
0.868896
0.821304
0.81134
0.817154
0.822723
0.855331
0.878296
0.721786
0.729889
0.793777
0.856171
0.802414
0.885773
0.935425
0.935074
0.83638
0.672531
0.805786
0.856964
0.854584
0.824097
0.59668
0.656311
0.821915
0.807968
0.938049
0.947556
0.924255
0.898544
0.789932
0.745682
0.804504
0.843384
0.781281
0.739777
0.756424
0.807465
0.967667
0.90036
0.910797
0.823441
0.931381
0.907623
0.791977
0.753281
0.8479
0.801514
0.706924
0.738953
0.763718
0.966278
0.960403
0.912674
0.78154
0.916992
0.918518
0.805374
0.768417
0.83374
0.815262
0.864334
0.919098
0.90947
0.933456
0.904694
0.863892
0.883743
0.864563
0.897736
0.909088
0.873367
0.849472
0.817291
0.80957
0.739487
0.927307
0.923431
0.917252
0.875992
0.917618
0.84491
0.793442
0.845459
0.926743
0.923477
0.898849
0.722641
0.750565
0.923416
0.773346
0.719711
0.807175
0.814819
0.822708
0.779007
0.793747
0.823303
0.849045
0.901718
0.896057
0.859726
0.920349
0.734604
0.722809
0.799454
0.722122
0.784576
0.789795
0.77829
0.785889
0.726364
0.840591
0.892929
0.912643
0.884033
0.835526
0.853149
0.826645
0.740845
0.757156
0.851273
0.86261
0.796036
0.7715
0.931915
0.940628
0.907043
0.929947
0.904984
0.893295
0.773834
0.831894
0.787064
0.796204
0.890442
0.924683
0.863083
0.885056
0.911407
0.917999
0.896027
0.945099
0.882645
0.836655
0.81665
0.747467
0.734573
0.813461
0.853561
0.838562
0.839203
0.896805
0.11174 0.971924
