0.941895
0.888046
0.884384
0.897842
0.884293
0.899887
0.908356
0.955978
0.927109
0.938751
0.925873
0.88237
0.929947
0.889786
0.874435
0.844757
0.912415
0.921036
0.864273
0.89032
0.837341
0.855545
0.929352
0.932693
0.886414
0.862274
0.822647
0.804169
0.794983
0.812256
0.89856
0.934677
0.918594
0.888992
0.655197
0.636993
0.818298
0.773575
0.756897
0.837341
0.789825
0.695068
0.553177
0.368851
0.799866
0.788208
0.631943
0.704453
0.879303
0.728378
0.77597
0.848251
0.808472
0.909576
0.554092
0.50946
0.54187
0.531479
0.359131
0.603668
0.930023
0.902832
0.838516
0.804092
0.703735
0.745422
0.825546
0.842148
0.781052
0.721878
0.764038
0.688446
0.823425
0.903381
0.799316
0.875305
0.828186
0.736038
0.727341
0.820053
0.744431
0.893784
0.846344
0.669968
0.928436
0.949722
0.901596
0.722061
0.518661
0.744324
0.649261
0.64093
0.560654
0.490143
0.742859
0.851395
0.899948
0.95842
0.943634
0.853561
0.800598
0.59343
0.543793
0.638031
0.895905
0.809387
0.799759
0.89743
0.888199
0.921387
0.104721
0.1035
0.861649
0.863754
0.750641
0.793884
0.834351
0.88324
0.774734
0.766663
0.788345
0.836075
0.623184
0.932785
0.0238953
0.0340118
0.924545
0.818878
0.825211
0.856003
0.827911
0.885925
0.694153
0.820694
0.753952
0.7146
0.929382
0.84996
0.932098
0.91626
0.938644
0.875305
0.813568
0.795197
0.845734
0.789429
0.819351
0.921204
0.827545
0.739532
0.723465
0.888428
0.924377
0.8927
0.888901
0.871033
0.925186
0.86734
0.745453
0.664551
0.841583
0.801102
0.659653
0.836014
0.656021
0.634262
0.879257
0.848587
0.934692
0.96756
0.929276
0.815216
0.800201
0.833786
0.514664
0.633682
0.846359
0.790848
0.828598
0.946198
0.915146
0.912766
0.927231
0.890976
0.793427
0.861725
0.817902
0.745834
0.903152
0.753128
0.582458
0.613571
0.925354
0.859695
0.834869
0.779343
0.851456
0.866516
0.425934
0.741867
0.908417
0.901855
0.780945
0.633408
0.849197
0.920944
0.583496
0.179977
0.769775
0.797302
0.902969
0.901627
0.803925
0.818405
0.811676
0.800232
0.770767
0.761444
0.766312
0.639557
0.291885
0.393265
0.912231
0.891083
0.841736
0.880859
0.757874
0.593094
0.784836
0.91304
0.864487
0.553329
0.557007
0.573181
0.597824
0.895004
0.905807
0.848068
0.788498
0.864319
0.771484
0.797211
0.791656
0.720886
0.79007
0.509949
0.459457
0.44133
0.844635
0.910187
0.868591
0.758881
0.694977
0.769516
0.858398
0.871643
0.930252
0.759659
0.656418
0.689636
0.798721
0.785675
0.776505
0.90361
0.758774
0.776138
0.66272
0.890137
0.860947
0.850937
0.896347
0.911758
0.85614
0.878571
0.823761
0.804504
0.853043
0.936218
0.934219
0.836487
0.802002
0.826706
0.861237
0.871307
0.93132
0.81192
0.829437
0.832458
0.828598
0.876404
0.92012
0.846634
0.792282
0.753769
0.76825
0.832977
0.81012
0.866821
0.861176
0.772949
0.788712
0.890106
0.917313
0.880112
0.801056
0.756485
0.660248
0.73819
0.722961
0.903992
0.871597
0.914215
0.752136
0.797241
0.883667
0.952423
0.920807
0.833847
0.692368
0.645157
0.602722
0.760315
0.855881
0.823456
0.839035
0.899506
0.885147
0.898453
0.935806
0.905792
0.813232
0.720627
0.729797
0.75679
0.8311
0.807724
0.821777
0.828903
0.795868
0.855759
0.901749
0.892365
0.853073
0.867844
0.768967
0.89566
0.729645
0.682297
0.879868
0.878586
0.843475
0.857986
0.85022
0.810104
0.78067
0.753479
0.855759
0.904221
0.782272
0.681519
0.778198
0.821518
0.807861
0.877121
0.941315
0.929642
0.847931
0.693207
0.775146
0.874084
0.864594
0.858017
0.699799
0.645859
0.760757
0.766937
0.936356
0.937454
0.924667
0.901169
0.787247
0.770538
0.830261
0.857544
0.794296
0.789795
0.835236
0.796112
0.94693
0.917328
0.852081
0.846375
0.933624
0.896851
0.799622
0.737717
0.809891
0.823502
0.761932
0.787491
0.770889
0.959595
0.951523
0.870377
0.662842
0.78508
0.884216
0.800125
0.75383
0.788635
0.746536
0.845551
0.912949
0.909348
0.931931
0.918732
0.867508
0.863449
0.889542
0.905701
0.920349
0.878326
0.877853
0.837036
0.800934
0.755325
0.909653
0.912338
0.90654
0.8871
0.886627
0.83815
0.803085
0.881561
0.935211
0.930573
0.902115
0.757767
0.610229
0.911224
0.785553
0.736481
0.814148
0.893768
0.837738
0.841141
0.818497
0.794907
0.849792
0.884674
0.902313
0.864288
0.932358
0.768082
0.737289
0.820526
0.78067
0.854645
0.736115
0.816208
0.822983
0.766724
0.828568
0.885391
0.852966
0.850067
0.868774
0.87233
0.803497
0.742554
0.826431
0.870514
0.91481
0.841034
0.777863
0.923569
0.910538
0.87735
0.946701
0.902939
0.868835
0.715622
0.826157
0.757599
0.790192
0.886703
0.875427
0.787247
0.916901
0.895065
0.919739
0.916611
0.930786
0.82048
0.839325
0.789871
0.749542
0.716537
0.838303
0.829056
0.831345
0.847275
0.899551
0.0238953 0.96756
