0.925018
0.895477
0.873856
0.901627
0.877686
0.883621
0.913696
0.955429
0.922348
0.941238
0.945175
0.937531
0.927139
0.901474
0.856888
0.847458
0.844498
0.876938
0.861511
0.87381
0.84407
0.851212
0.924561
0.934052
0.899567
0.865952
0.864273
0.858368
0.811172
0.791809
0.847855
0.948685
0.924408
0.924667
0.745193
0.693222
0.812164
0.743912
0.743561
0.839661
0.74617
0.745575
0.653778
0.553146
0.750336
0.661636
0.59465
0.723114
0.902237
0.725586
0.726669
0.830933
0.812683
0.83284
0.561508
0.552795
0.54837
0.416138
0.335129
0.593109
0.925003
0.910416
0.808228
0.768707
0.659927
0.756195
0.789627
0.756882
0.764481
0.600769
0.658829
0.55603
0.841888
0.884766
0.821396
0.850204
0.806763
0.741089
0.701538
0.74765
0.65918
0.830017
0.885132
0.831665
0.927872
0.95163
0.883163
0.694305
0.628662
0.781265
0.748718
0.767075
0.681213
0.633453
0.761429
0.816284
0.884399
0.932205
0.957901
0.869003
0.752777
0.600128
0.620316
0.661911
0.887741
0.837036
0.720093
0.851532
0.885727
0.908478
0.224106
0.152023
0.736771
0.718521
0.761902
0.766586
0.84137
0.883896
0.773697
0.731018
0.674423
0.797333
0.650635
0.928986
0.0145721
0.0206909
0.927429
0.833389
0.789078
0.819763
0.799942
0.867889
0.663376
0.817902
0.786133
0.700668
0.920319
0.857101
0.900574
0.922241
0.922913
0.884567
0.763702
0.751801
0.846588
0.775803
0.799545
0.884186
0.805557
0.755646
0.616287
0.832138
0.887756
0.263992
0.806534
0.878876
0.922501
0.882477
0.736115
0.718262
0.781479
0.75531
0.71199
0.776413
0.673645
0.712158
0.717865
0.736191
0.936249
0.954636
0.932755
0.808304
0.794373
0.8423
0.63324
0.718475
0.847931
0.825241
0.832718
0.946533
0.890976
0.912964
0.931702
0.842529
0.676666
0.722565
0.753693
0.771713
0.868347
0.818954
0.572586
0.640823
0.921249
0.889023
0.922379
0.856918
0.746979
0.803696
0.457245
0.656754
0.877731
0.876022
0.752579
0.674362
0.845734
0.93895
0.584412
0.230698
0.761551
0.694458
0.889832
0.815201
0.681107
0.797867
0.824661
0.776611
0.823212
0.856033
0.678192
0.4272
0.28009
0.399643
0.903778
0.870071
0.817383
0.825348
0.823135
0.741196
0.746582
0.892502
0.897827
0.544098
0.507492
0.534348
0.549881
0.889313
0.899963
0.856796
0.722839
0.82988
0.745956
0.775787
0.792007
0.74263
0.643066
0.424637
0.33197
0.401672
0.814835
0.898926
0.869873
0.782532
0.65036
0.802872
0.825363
0.843124
0.908707
0.849045
0.602814
0.666702
0.690811
0.759232
0.775116
0.887177
0.789124
0.797119
0.607605
0.862534
0.856415
0.815506
0.848862
0.907227
0.862549
0.899673
0.795837
0.759491
0.865601
0.93895
0.933731
0.887527
0.785049
0.820328
0.854065
0.865097
0.914688
0.791321
0.791092
0.83783
0.79744
0.870636
0.91893
0.870987
0.770264
0.729568
0.809158
0.838333
0.786575
0.868958
0.881104
0.797012
0.759079
0.913895
0.925583
0.904358
0.766953
0.716232
0.671509
0.753494
0.717484
0.912384
0.865295
0.853455
0.747681
0.797287
0.910706
0.954697
0.938736
0.81752
0.671753
0.651749
0.734512
0.789749
0.867569
0.825989
0.855804
0.923813
0.903122
0.89946
0.927338
0.917007
0.862518
0.722702
0.809982
0.829651
0.81134
0.773148
0.807602
0.86116
0.758942
0.878281
0.917328
0.889908
0.858047
0.849716
0.744431
0.877457
0.709335
0.758698
0.872421
0.867126
0.812683
0.827209
0.834961
0.796417
0.814774
0.820862
0.823868
0.886841
0.786133
0.67601
0.671371
0.832108
0.80423
0.874191
0.938889
0.896973
0.829956
0.674744
0.768143
0.809402
0.8573
0.826859
0.651642
0.652267
0.762634
0.763779
0.927673
0.930206
0.925659
0.878265
0.76445
0.750168
0.801636
0.855408
0.821136
0.710022
0.726303
0.845474
0.948181
0.941437
0.90831
0.855148
0.933258
0.888367
0.78186
0.746918
0.831299
0.810074
0.70018
0.733368
0.774796
0.960464
0.964935
0.924774
0.821655
0.848526
0.918976
0.815277
0.84317
0.854065
0.780685
0.824463
0.932571
0.928864
0.936508
0.926239
0.884583
0.881226
0.885666
0.901627
0.92601
0.911499
0.873871
0.850449
0.821304
0.782578
0.916428
0.91713
0.924118
0.875107
0.890793
0.814713
0.817917
0.909332
0.933121
0.922424
0.891998
0.768906
0.773193
0.934341
0.785904
0.750015
0.807678
0.759109
0.825867
0.813126
0.854309
0.826065
0.847092
0.890198
0.899582
0.89006
0.868484
0.722397
0.742584
0.798859
0.679382
0.759964
0.819778
0.837921
0.841568
0.801117
0.837067
0.894165
0.921204
0.86235
0.823761
0.856857
0.792419
0.733795
0.77771
0.856415
0.873917
0.827667
0.852493
0.940155
0.906876
0.845398
0.939957
0.910553
0.880692
0.762177
0.835693
0.77536
0.824738
0.919525
0.911575
0.868683
0.844772
0.887772
0.871964
0.891998
0.933167
0.835678
0.839188
0.802887
0.775528
0.743103
0.843124
0.864166
0.829926
0.843109
0.850494
0.0145721 0.964935
